# > id, startIndexFrame, animationDelay
# if has 4 numbers in line => just get frame
# if has 8 numbers in line => get bounds then get frame
# (x, y, width, height)

# GoldenBrickAnimation
204,119,16,16
221,119,16,16
238,119,16,16
255,119,16,16
> 0 0 4

# GiftBrick secret animation / Full GiftBrick
170,0,16,16
187,0,16,16
204,0,16,16
221,0,16,16
> 1 0 5

# GiftBrick empty box
238,0,16,16
> 2 0 0

# GiftBrick coin animation
259,4,8,8,255,0,16,16
259,21,8,8,255,17,16,16
259,38,8,8,255,34,16,16
259,55,8,8,255,51,16,16
> 3 0 3

# Goomba Moving
4,140,8,8,0,136,16,16
21,140,8,8,17,136,16,16
> 4 0 3

# Trampled Goomba
38,140,8,8,34,136,16,16
> 5 0 0

# Green Pipe 3 floors
0,153,32,48
> 6 0 0

# Green Pipe 2 floors
33,153,32,32
> 7 0 0

# Super Mushroom
240,21,12,12,238,17,16,16
> 8 0 0

# Koopa Moving
70,166,8,21,66,158,16,27
87,166,8,21,83,158,16,27
> 9 0 16

# Koopa Shrinkage 
# anim delay is referenced
36,190,8,12,32,186,16,16
> 10 0 129

# Koopa Shrinkage Moving
53,190,8,12,49,186,16,16
70,190,8,12,66,186,16,16
87,190,8,12,83,186,16,16
> 11 0 2

# Koopa Shrinkage Shaking
36,190,8,12,31,186,17,16
36,190,8,12,32,186,17,16
36,190,8,12,31,186,17,16
36,190,8,12,32,186,17,16
36,190,8,12,31,186,17,16
36,190,8,12,32,186,17,16
36,190,8,12,31,186,17,16
36,190,8,12,32,186,17,16
36,190,8,12,31,186,17,16
36,190,8,12,32,186,17,16
36,190,8,12,31,186,17,16
36,190,8,12,32,186,17,16
36,190,8,12,31,186,17,16
36,190,8,12,32,186,17,16
36,190,8,12,31,186,17,16
36,190,8,12,32,186,17,16
89,140,8,12,84,136,17,16
89,140,8,12,85,136,17,16
89,140,8,12,84,136,17,16
89,140,8,12,85,136,17,16
89,140,8,12,84,136,17,16
89,140,8,12,85,136,17,16
89,140,8,12,84,136,17,16
89,140,8,12,85,136,17,16
89,140,8,12,84,136,17,16
89,140,8,12,85,136,17,16
89,140,8,12,84,136,17,16
89,140,8,12,85,136,17,16
89,140,8,12,84,136,17,16
89,140,8,12,85,136,17,16
89,140,8,12,84,136,17,16
89,140,8,12,85,136,17,16
> 12 0 6

# GiftBrick 100 coins
102,34,16,16
> 13 0 0

# 200 Points
238,51,16,16
> 14 0 0

# 400
51,136,16,16
> 15 0 0

# 800
68,136,16,16
> 16 0 0

# 1000 Points
238,34,16,16
> 17 0 0

# Mario Standing
70,9,10,13,66,6,16,16
> 18 0 0

# Mario Running
70,9,10,13,66,6,16,16
4,3,10,13,0,0,16,16
> 19 0 3

# Mario: Jumping & Dropping
20,3,10,13,16,0,16,16
> 20 0 0

# Mario: Die & Die Jumping & Die Dropping
# anim delay is referenced
36,3,10,13,32,0,16,16
> 21 0 20

# Mario Converting
52,3,10,13,48,0,16,16
> 22 0 0

# Super Mario Standing
3,28,12,23,0,23,16,28
> 23 0 0

# Super Mario Running
19,28,12,23,16,23,16,28
35,28,12,23,32,23,16,28
> 24 0 3

# Super Mario Dropping & Jumping
51,28,12,23,48,23,16,28
> 25 0 0

# Mario Scaling Up
# Medium
# Small
80,29,16,22
68,0,16,22
80,29,16,22
68,0,16,22
80,29,16,22
68,0,16,22
80,29,16,22
68,0,16,22
> 26 0 8

# Super Mario Scaling Down
# Large
# Medium
3,28,12,23,0,23,16,28
83,28,12,23,80,23,16,28
3,28,12,23,0,23,16,28
83,28,12,23,80,23,16,28
3,28,12,23,0,23,16,28
83,28,12,23,80,23,16,28
3,28,12,23,0,23,16,28
> 27 0 8

# Super Mario Converting
67,28,12,23,64,23,16,28
> 28 0 0

# Mario Fire Standing
70,69,10,13,66,66,16,16
> 29 0 0

# Mario Fire Running
70,69,10,13,66,66,16,16
4,63,10,13,0,60,16,16
> 30 0 3

# Mario Fire Dropping * Jumping
20,63,10,13,16,60,16,16
> 31 0 0

# Mario Fire: Die & Die Jumping & Die Dropping
36,63,10,13,32,60,16,16
> 32 0 20

# Mario Fire Converting
52,63,10,13,48,60,16,16
> 33 0 0

# Super Mario Fire Standing
3,88,12,23,0,83,16,28
> 34 0 0

# Super Mario Fire Running
19,88,12,23,16,83,16,28
35,88,12,23,32,83,16,28
> 35 0 3

# Super Mario Fire Dropping & Jumping
51,88,12,23,48,83,16,28
> 36 0 0

# Mario Fire Scaling Up
# Medium
# Small
80,89,16,22
68,60,16,22
80,89,16,22
68,60,16,22
80,89,16,22
68,60,16,22
80,89,16,22
68,60,16,22
> 37 0 8

# Super Mario Fire Scaling Down
# Large
# Medium
3,88,12,23,0,83,16,28
83,88,12,23,80,83,16,28
3,88,12,23,0,83,16,28
83,88,12,23,80,83,16,28
3,88,12,23,0,83,16,28
83,88,12,23,80,83,16,28
3,88,12,23,0,83,16,28
> 38 0 8

# Super Mario Fire Converting
67,88,12,23,64,83,16,28
> 39 0 0



# Green Koopa Moving
106,146,8,21,102,138,16,27
123,146,8,21,119,138,16,27
> 40 0 16

# Green Koopa Shrinkage 
# anim delay is referenced
140,140,8,12,136,136,16,16
> 41 0 129

# Green Koopa Shrinkage Moving
106,173,8,12,102,169,16,16
123,173,8,12,119,169,16,16
140,173,8,12,136,169,16,16
> 42 0 2

# Green Koopa Shrinkage Shaking
140,140,8,12,135,136,17,16
140,140,8,12,136,136,17,16
140,140,8,12,135,136,17,16
140,140,8,12,136,136,17,16
140,140,8,12,135,136,17,16
140,140,8,12,136,136,17,16
140,140,8,12,135,136,17,16
140,140,8,12,136,136,17,16
140,140,8,12,135,136,17,16
140,140,8,12,136,136,17,16
140,140,8,12,135,136,17,16
140,140,8,12,136,136,17,16
140,140,8,12,135,136,17,16
140,140,8,12,136,136,17,16
140,140,8,12,135,136,17,16
140,140,8,12,136,136,17,16
140,140,8,12,135,136,17,16
140,140,8,12,136,136,17,16
140,140,8,12,135,136,17,16
140,140,8,12,136,136,17,16
140,156,8,12,135,152,17,16
140,156,8,12,136,152,17,16
140,156,8,12,135,152,17,16
140,156,8,12,136,152,17,16
140,156,8,12,135,152,17,16
140,156,8,12,136,152,17,16
140,156,8,12,135,152,17,16
140,156,8,12,136,152,17,16
140,156,8,12,135,152,17,16
140,156,8,12,136,152,17,16
140,156,8,12,135,152,17,16
140,156,8,12,136,152,17,16
140,156,8,12,135,152,17,16
140,156,8,12,136,152,17,16
140,156,8,12,135,152,17,16
140,156,8,12,136,152,17,16
140,156,8,12,135,152,17,16
140,156,8,12,136,152,17,16
140,156,8,12,135,152,17,16
140,156,8,12,136,152,17,16
> 43 0 6

# Goomba is thrown away
136,186,16,16
> 44 0 0

# Flash
153,136,16,16
153,186,16,16
153,169,16,16
153,152,16,16
153,136,16,16
> 45 0 3

# Super Leaf
102,186,16,16
> 46 0 0

# Cloud Effect
32,120,16,28
48,120,16,28
0,120,16,28
16,120,16,28
32,120,16,28
> 47 0 3




# Super Mario Flying Standing
151,6,13,24,141,0,24,30
> 48 0 0

# Super Mario Flying Running
175,6,13,24,165,0,24,30
199,6,13,24,189,0,24,30
175,6,13,24,165,0,24,30
151,6,13,24,141,0,24,30
> 49 0 3

# Super Mario Flying Jumping
223,6,13,24,213,0,24,30
> 50 0 0

# Super Mario Flying Dropping
247,6,13,24,237,0,24,30
> 51 0 0

# Super Mario Flying Converting
271,6,13,24,261,0,24,30
> 52 0 0


# Super Mario Flying Fire Standing
151,75,13,24,141,69,24,30
> 53 0 0

# Super Mario Flying Fire Running
175,75,13,24,165,69,24,30
199,75,13,24,189,69,24,30
175,75,13,24,165,69,24,30
151,75,13,24,141,69,24,30
> 54 0 3

# Super Mario Flying Fire Jumping
223,75,13,24,213,69,24,30
> 55 0 0

# Super Mario Flying Fire Dropping
247,75,13,24,237,69,24,30
> 56 0 0

# Super Mario Flying Fire Converting
271,75,13,24,261,69,24,30
> 57 0 0



# Red Fire Flower Standing Look Up
204,136,16,32
> 58 0 0

# Red Fire Flower Standing Look Down
170,136,16,32
> 59 0 0

# Red Fire Flower Growing Up
170,136,16,32
187,136,16,32
> 60 0 12

# Red Fire Flower Dropping
204,136,16,32
221,136,16,32
> 61 0 12

# Red Flower
238,136,16,32
255,136,16,32
> 62 0 12

# Green Fire Flower Standing Look Up
204,170,16,32
> 63 0 0

# Green Fire Flower Standing Look Down
170,170,16,32
> 64 0 0

# Green Fire Flower Growing Up
170,170,16,32
187,170,16,32
> 65 0 12

# Green Fire Flower Dropping
204,170,16,32
221,170,16,32
> 66 0 12

# Green Flower
238,170,16,32
255,170,16,32
> 67 0 12

# Fire Flower Ball
119,186,8,8
119,194,8,8
127,194,8,8
127,186,8,8
> 68 0 3


# Red Fire Flower Standing Look Up Half Size
204,136,16,24
> 69 0 0

# Red Fire Flower Standing Look Down Half Size
170,136,16,24
> 70 0 0

# Red Fire Flower Growing Up Half Size
170,136,16,24
187,136,16,24
> 71 0 12

# Red Fire Flower Dropping Half Size
204,136,16,24
221,136,16,24
> 72 0 12

# Red Flower Half Size
238,136,16,24
255,136,16,24
> 73 0 12

# Green Fire Flower Standing Look Up Half Size
204,170,16,24
> 74 0 0

# Green Fire Flower Standing Look Down Half Size
170,170,16,24
> 75 0 0

# Green Fire Flower Growing Up Half Size
170,170,16,24
187,170,16,24
> 76 0 12

# Green Fire Flower Dropping Half Size
204,170,16,24
221,170,16,24
> 77 0 12

# Green Flower Half Size
238,170,16,24
255,170,16,24
> 78 0 12

# Koopa Red Thrown Away
0,203,16,16
> 79 0 0

# Koopa Green Thrown Away
17,203,16,16
> 80 0 0

# Fire Ball Splash
34,203,16,16
51,203,16,16
85,203,16,16
> 81 0 2

# Super Mario Flying Turning Around
296,38,14,24,287,32,33,30
331,38,14,24,320,32,33,30
364,38,14,24,354,32,33,30
398,38,14,24,387,32,33,30
> 82 0 1

# Super Mario Flying Fire Turning Around
296,107,14,24,287,101,33,30
331,107,14,24,320,101,33,30
364,107,14,24,354,101,33,30
398,107,14,24,387,101,33,30
> 83 0 1

# Super Mario Pre Flying Up
201,38,13,24,191,32,24,30
177,38,13,24,167,32,24,30
153,38,13,24,143,32,24,30
177,38,13,24,167,32,24,30
> 84 0 2

# Super Mario Flying Up
249,38,13,24,239,32,24,30
273,38,13,24,263,32,24,30
249,38,13,24,239,32,24,30
225,38,13,24,215,32,24,30
> 85 0 2

# Super Mario Fire Pre Flying Up
201,107,13,24,191,101,24,30
177,107,13,24,167,101,24,30
153,107,13,24,143,101,24,30
177,107,13,24,167,101,24,30
> 86 0 2

# Super Mario Fire Flying Up
249,107,13,24,239,101,24,30
273,107,13,24,263,101,24,30
249,107,13,24,239,101,24,30
225,107,13,24,215,101,24,30
> 87 0 2

# Coin
102,203,16,16
119,203,16,16
136,203,16,16
153,203,16,16
> 88 0 4

# Golden Grick Frament
174,207,8,9
191,207,8,9
> 89 0 4

# P Button On
170,17,16,16
> 90 0 0

# P Button Off
187,17,16,16
> 91 0 0

# Koopa Flying
0,221,16,28
34,221,16,28
51,221,16,28
17,221,16,28
> 92 0 8

# Goomba Red Flying
91,229,16,16,89,221,20,24
133,229,16,16,131,221,20,24
112,229,16,16,110,221,20,24
70,229,16,16,68,221,20,24
112,229,16,16,110,221,20,24
> 93 0 4

# Goomba Red
156,225,8,8,152,221,16,16
173,225,8,8,169,221,16,16
> 94 0 3

# Goomba Red Trampled
190,225,8,8,186,221,16,16
> 95 0 0

# Goomba Red Thrown Away
203,221,16,16
> 96 0 0

# WMario
136,51,16,16
153,51,16,16
> 97 0 3

# Grasses
0,17,16,16
17,17,16,16
34,17,16,16
51,17,16,16
> 98 0 8

# Help Label
17,0,16,16
0,51,16,16
> 99 0 15

# WTurtle
102,17,16,16
119,17,16,16
> 100 0 2

# Super Mario Flying Dropping Down Pipe
330,34,16,28,320,32,27,30
#330,34,16,28
> 101 0 0

# Super Mario Flying Fire Dropping Down Pipe
330,103,16,28,320,101,27,30
#330,103,16,28
> 102 0 1

# Coin From Underground
102,0,16,16
119,0,16,16
136,0,16,16
153,0,16,16
> 103 0 8

# Black Pipe 2 floor Down from Underground
170,0,32,32
> 104 0 0

# SuperMushroom Green
206,107,12,12,204,203,16,16
> 105 0 0

# One Up
221,203,19,10
> 106 0 0

# Fire Ball From Underground
204,0,8,8
204,8,8,8
212,8,8,8
212,0,8,8
> 107 0 3

# Mario Dropping Down Pipe
117,3,10,13,113,0,16,16
> 108 0 0

# Mario Fire Dropping Down Pipe
117,63,10,13,113,60,16,16
> 109 0 0

# Super Mario Dropping Down Pipe
73,128,12,23,70,123,16,28
> 110 0 0

# Super Mario Fire Dropping Down Pipe
89,128,12,23,86,123,16,28
> 111 0 0

# Music box
221,221,16,16
> 112 0 0

# Music box red
238,221,16,16
> 113 0 0
